8489
461619
919981
13842
143059
636792
732247
7336
15189
676934
912316
460707
922754
3455
661209
463535
721575
104609
628239
460611
676424
15122
58849
9573
614160
460616
195111
4441
7388
708553
11343
19506
5125
93178
15998
461051
730414
107148
745875
58946
390118
677899
170705
712053
2634
625219
605394
6403
57887
621384
320004
13141
2686
2065
732370
715853
9151
913805
15121
59591
11581
148809
470308
690103
13721
460302
3169
47571
40085
14315
27529
19272
464817
460920
4164
73559
617612
901226
9479
149913
647608
8230
461647
727291
113265
707864
3217
747903
195004
194997
615060
901063
679337
105343
47572
56524
612601
702114
19935
4514
621054
29997
35600
75953
6429
905725
4440
31835
614751
724550
617403
731520
42537
41665
702876
57255
195468
747098
730708
732046
9593
612764
57733
13818
19953
29465
631599
148856
681334
21495
20901
14845
75935
15076
4537
198032
173147
13282
736969
42540
31231
176195
110599
1840
180656
5455
6786
7147
4245
7236
11223
6233
31360
6244
13032
81323
24341
739132
628127
4206
728046
645222
12956
4328
20040
195462
914545
179746
4677
4365
461260
48559
75830
31362
106710
609930
28633
43138
19131
461612
96558
3495
698509
7062
13694
2544
747845
612263
18011
119577
163891
32632
36654
3016
27528
20419
7145
470418
722863
618247
743484
824300
738015
612380
390010
81348
460758
8069
716533
726036
464673
9179
20638
108842
618860
3968
2204
35575
6066
2984
2636
7840
703584
612345
985329
3405
5828
37249
103284
13648
743712
63539
10368
40232
37250
76033
11898
103557
9489
462920
3862
320015
320079
119122
20504
8797
621495
30811
4353
16645
20421
46480
4981
940358
99352
390110
624846
720220
31560
928018
710733
30865
723960
41775
612501
460306
737860
743458
5007
1460
9263
462239
3133
612207
2060
54777
43163
933892
684892
9608
83197
739276
749768
747640
737068
50221
44199
661084
621048
193111
8825
750201
721611
461632
645440
52848
637026
21527
633015
615154
183191
3003
110558
625253
7989
20074
2058
611862
696903
32160
121910
3334
3682
59840
83147
14561
837047
59407
731513
719176
31963
52516
460354
15317
390017
6603
51431
8567
20814
99240
930998
7649
15249
612311
604850
612221
460606
29282
614485
919791
2723
29883
4622
5661
5769
634933
6775
10420
52842
904457
55137
45619
90988
13091
2443
42983
40927
13273
47602
633016
904059
13442
631625
19242
144446
144543
621049
702345
14086
2668
139177
700778
727753
195207
18284
3798
33445
4540
12044
195018
8970
20428
196960
15115
602190
185017
460910
17441
927347
10045
35595
716583
4368
621522
57771
40843
1753
41698
616807
11891
698829
107698
947848
464677
2094
3138
735987
676183
736961
710472
8130
738017
18296
612441
741305
623209
350995
3653
731112
724490
160277
4740
4588
4307
19253
645530
683840
7804
38940
24172
3258
629582
13774
678310
2296
71327
3202
2305
629507
727554
463553
16054
6243
9800
460337
107150
11374
901407
36632
906694
18158
47595
930109
910636
3221
17345
914358
624828
727581
627396
31870
6073
194975
739231
691295
710474
2211
721615
742515
390116
194395
612351
639734
460939
15280
46529
4636
698189
390008
6449
7401
8533
3048
703605
985156
698840
699648
710317
460923
652564
618484
931971
460317
9493
45683
987732
13660
464549
11826
702131
601669
191426
4603
911935
144493
625200
3183
40073
744573
37221
5695
623928
77808
2228
77781
702099
13990
721574
195039
972878
11055
718160
738018
195066
628606
732373
710335
360515
113991
427532
632839
920205
199212
7852
11696
700812
715875
732462
730443
743477
5308
614492
194932
727079
734420
746149
614261
2254
6255
622957
712018
745780
727007
722830
181603
680282
607774
676441
934476
195131
632112
4146
40489
715823
17240
19148
660016
69598
628538
13772
115085
58192
465134
707805
463482
612371
169594
612310
15026
29891
6703
195323
97814
729035
741814
3051
826931
460918
1448
5868
2582
741088
32668
75789
7957
41751
350004
745394
912317
16052
731764
18311
15111
13715
2535
825720
726011
73129
703520
461616
3551
835839
96689
662412
104592
3614
118868
687767
746143
14850
4432
3831
74366
1175
608073
41684
77513
37220
199223
685639
14233
612373
612519
119344
2120
612168
14090
701875
727799
2226
921774
612403
652567
719415
470260
360078
83255
730686
3222
470279
736022
14481
667038
450508
144124
161252
470002
440153
748936
631045
3701
633888
904651
74671
629966
421420
741009
683820
351870
729049
624911
706641
96395
604986
710321
645192
77418
741817
20897
676205
45589
47626
703012
149922
18160
195046
20191
631471
19189
5528
77777
696332
730752
747076
720396
731527
8913
195525
612299
628117
194957
69223
5311
460938
57236
2830
605027
644158
5030
9713
195126
979767
390066
171853
726260
195211
13016
195002
350011
747649
2572
919331
613226
163650
712250
3920
659599
43252
105545
460911
742881
2219
1455
3717
746654
92826
612229
905346
4585
107172
708513
675055
2068
618666
648330
6534
360019
698805
37258
179538
695205
194928
5789
3178
2295
163075
678315
4187
11381
8157
30158
718162
19994
2495
734199
72499
22908
460942
1815
3778
2408
730426
3013
731516
715882
667031
3882
687776
48519
460320
152603
179021
184826
68285
7086
2066
60098
20245
77804
123668
626922
917906
628563
460948
6543
3568
719356
58197
31945
821589
745581
17317
463583
11962
741854
667034
29898
106832
3954
195153
746067
612397
9089
194921
640289
946857
195352
743671
732435
687531
997263
601670
10764
2587
837289
79954
2574
2602
7551
181104
8132
360629
194927
712032
15096
42617
104393
731820
746125
73169
615072
113893
4308
30884
696547
20410
716517
727292
716516
106069
702256
629078
990021
32971
427377
460916
427084
689990
29967
927566
82293
605653
195474
96523
102244
176210
10792
73574
743504
2176
6419
730680
10622
629202
718227
460874
683860
48596
53728
738023
617026
12951
194920
96527
184830
360650
698823
696269
181600
20398
62572
750733
7364
8086
1037
8201
2379
635044
727288
425909
746649
721569
707783
195253
40176
470206
116628
630026
3224
470032
902732
390078
7132
194935
693029
420997
351991
962495
743448
16039
194908
694643
989573
427255
138085
195443
1995
1981
724548
5698
721585
179520
1513
6302
743225
706699
63629
19317
71313
5233
618902
195120
160280
13882
13162
715750
718161
636188
704822
470389
9629
743693
709261
910360
76769
17245
3087
613780
93175
6090
730651
151407
735989
717876
736321
20213
2301
199989
984105
12220
6095
931954
16717
968428
10061
4941
4046
959654
695662
195441
630206
6470
693039
96547
115018
606727
145917
29836
470408
470016
738013
194998
194922
470365
748730
727351
193131
637045
687785
947847
129719
726796
746988
13058
10263
114050
59215
699714
87024
679329
30038
197321
721642
466020
12613
9594
702342
4694
2136
460904
5013
732151
932391
1205
5980
29842
2280
1802
2441
460914
4458
460906
3996
718229
5781
75859
4253
5195
42212
4020
95201
119491
6971
2319
3200
3626
46521
4198
6474
2492
603134
5121
4522
460900
7849
5266
56758
727595
4371
11469
629094
78475
192409
464816
2667
2158
901180
970059
171863
123560
17614
5214
22901
902373
716304
7126
948468
618072
823687
6078
446262
732436
640677
106847
179066
672124
614480
3662
445660
687788
360130
631078
360193
4356
10281
14302
2886
914036
96456
15480
20703
720223
463581
732055
4446
195098
3905
729033
733431
934316
908247
9616
52523
18264
163841
9625
659630
40148
710293
465298
724666
741819
36142
6820
460937
195016
935930
195458
194987
460915
2271
911297
197127
195117
147259
13445
696909
29346
460953
921907
683776
2883
16669
11404
25885
643357
466163
27567
703518
726303
460331
35640
616783
615042
4913
629396
53727
12985
612398
975576
621422
80701
57618
195231
80628
3944
3747
1962
5072
19850
616927
6559
2046
111137
4485
460931
104188
36127
5618
731792
7856
178315
3518
713882
725944
720225
828395
115156
979650
617267
906234
55271
4930
59191
13974
470437
613422
731111
730762
350353
960311
668047
731166
360067
688776
28752
612215
158455
738026
618295
138550
320017
730187
601667
613880
32182
695266
634839
749516
612413
116619
697469
104611
50162
10240
4148
460356
5570
83144
40956
702885
50202
695782
976040
5508
390212
746148
746141
741892
6266
612251
748410
825721
715247
725743
732121
748496
715841
729988
360620
686068
612239
173685
637039
133835
450363
730655
195125
971305
470443
989572
749523
195015
612203
194938
423070
427563
195349
60733
464548
57718
940896
451623
735088
748563
13640
40626
4284
195475
3078
944482
10473
29415
61774
33547
745492
4346
43237
12003
625490
634486
827325
724492
9443
12482
2370
715748
742544
824548
195631
5702
3690
135205
689274
2575
4427
2974
4591
6970
3972
3838
922757
20064
18234
16668
5042
79347
29288
3910
20366
185046
2172
43124
5252
5989
727612
156758
195459
702072
4704
12589
7192
696946
195162
6557
8381
460936
2018
16658
7053
92725
20370
716250
462255
18271
110538
722705
15342
80396
59630
720529
687782
4976
627379
697839
8521
609849
961869
614172
73194
20319
12500
11376
461626
19124
62212
3012
34607
629616
621207
193349
17050
3228
72154
916215
15446
730454
9080
8575
130909
4824
1966
13459
13055
123722
83835
14533
195530
9374
2815
3628
673468
18319
33549
33422
119517
3492
8658
750666
908209
83213
9143
11794
53091
22198
34941
5017
905176
968164
617215
104931
729913
607738
632885
740768
57845
195218
440149
3548
622317
41641
199992
19956
9526
629093
609863
72562
105298
612400
40688
2586
2202
195027
464669
43205
5603
629083
615515
81733
4270
834057
702369
733568
4113
4876
2877
931228
4359
738057
466312
747641
191594
12415
6711
133274
464616
28587
21356
37335
20316
681163
115046
3470
4085
4628
660067
9642
460303
2588
24064
8187
4197
704770
195017
193269
724463
727320
694732
743503
8817
172997
629592
19268
3131
96538
6371
746691
651404
14352
740904
748389
697522
37281
13667
633162
8845
4884
694714
699650
7740
617419
6184
18142
30771
6252
8673
694677
703521
133908
997514
155103
6050
19150
901704
615413
633078
927996
741822
73572
732402
48369
921490
20745
710319
172526
612663
470311
197156
739146
617598
390006
618250
106075
138672
31359
737958
3100
2532
715240
127403
738025
732026
634826
611574
612206
685640
180657
623186
746142
707689
718014
199408
40739
720230
4465
727627
9849
2756
3454
2678
13332
28660
10882
56728
62020
32682
460406
632106
712095
3229
3963
195463
2460
5522
4157
13819
11600
30785
999792
606456
460321
28669
167702
142225
45578
59418
123755
3906
3193
6153
142015
66188
9917
464209
659887
29389
3772
47754
3584
175959
107217
41101
7744
114028
10230
195116
460912
727521
80209
199988
7932
2352
8947
911721
717850
10272
85771
975311
682084
2957
13773
460602
138604
466051
5990
3880
3363
57881
750390
4559
195187
94928
8279
909895
92764
30795
11888
13790
40158
107203
78405
40799
902631
929291
27880
197042
460642
707804
719843
5334
49287
709173
748568
747705
24194
907535
8599
6122
3839
195338
464610
631047
30061
72277
6390
952786
195141
2713
1785
733541
136979
688694
8306
738162
741823
661413
24203
745806
6879
117886
96519
686059
929955
5392
936041
195173
5848
2542
19934
58847
747681
34670
942824
35637
2983
4484
747863
726553
749489
727580
662445
612247
34650
161373
16530
14903
684839
683814
12564
612300
651665
15134
905341
13341
460930
12479
961244
737101
745474
460924
719010
22194
40609
192997
2971
628621
147381
45586
720123
968990
739147
41721
170803
12598
6185
167408
16101
12605
5200
634549
15102
3379
463454
43006
925436
82094
6309
462389
35642
724493
165177
460330
934781
650673
4318
2956
623226
169554
622139
162510
463555
907950
14008
59473
195440
105491
2154
5485
6941
4158
17880
622257
3663
4961
1276
21529
6574
30759
2719
464439
460315
69536
912578
625231
914900
17351
20223
10916
5288
739264
1812
193237
14901
929554
14305
10145
16687
901562
6126
2430
460561
460908
727795
618859
721365
461061
631302
120491
645003
612133
95158
747831
960019
4338
3232
194923
12560
4333
460583
32193
60679
910680
40557
142235
128576
460929
715675
17508
13839
78426
15308
41714
65989
360271
41136
91138
1989
9756
9000
28601
695785
104409
692494
20055
2701
689265
2785
6166
6522
79918
13465
96600
20900
59849
11369
959653
465544
4917
716592
194956
78500
640598
13137
836498
12045
181107
3540
52439
20568
5337
3576
3375
16681
6560
73894
37701
10468
2987
8041
165945
719975
618996
7042
750321
465721
621405
11504
20470
351287
36698
4222
184520
147083
638282
919800
3646
25931
729030
4881
973260
745494
16110
18300
3504
712069
712667
91262
11416
11539
466188
460982
944589
924701
3194
698819
470455
913806
461064
20779
1146
960631
3146
3666
655870
103570
722861
747874
12489
360159
470300
696950
979648
710378
41579
9433
23046
465130
714013
910431
3788
674526
940026
8136
44306
1950
7400
2127
3995
612567
732449
746680
743674
611847
738033
148784
743493
729090
178210
42389
709169
681168
105833
87346
58780
724464
128575
41851
914359
7497
612264
15522
4563
8846
2463
6761
195186
350267
618856
42433
3844
7386
691552
834908
7344
4124
11917
7398
9846
191448
636178
11194
604058
4638
199672
7872
127433
7335
195109
737999
27526
705595
947244
20475
125857
52556
617009
127396
13775
9026
163294
123581
38000
15055
44148
2833
6894
743732
659633
3727
143141
741856
4003
10885
611803
710276
360327
614494
622964
4715
16688
22815
4417
7168
980003
729025
3578
925864
724491
668035
962454
41650
460367
988271
99464
121959
16708
41109
82680
13069
105474
48568
126943
10400
6844
634904
16117
727311
738027
737923
684975
42242
6446
747096
694648
612476
834870
821591
836626
12982
616317
194963
618427
12984
163896
10228
167378
918730
664577
194964
172763
628352
25056
5997
2263
615082
4567
4970
14937
195001
1298
18165
748508
8180
195115
729024
725716
669921
731369
915697
615436
3807
12752
964337
106884
622930
928175
173692
42514
1570
58239
5584
731767
41770
22478
130907
123746
3851
43706
605656
3370
10205
165183
5431
107164
749533
9082
616086
5730
10827
700834
4840
933045
130910
5023
705594
460632
33458
748913
746093
40264
717639
8101
700788
139792
8440
959445
905669
3868
6452
106733
138605
722804
913403
34684
9741
715639
128578
696907
52887
4321
2499
66170
460326
18310
460316
104598
1554
930207
462268
82385
10149
743672
163796
133216
360630
10329
903869
57781
693469
195337
87097
2201
2462
1827
82357
672339
38952
464819
4720
651401
747885
961606
127405
9925
8663
9544
148031
29968
835836
181093
8142
3650
60350
4602
460325
6068
720163
727104
698193
609559
617437
730446
632118
13405
739053
30736
948351
9651
29337
647261
15236
460371
731805
83138
199219
40473
2087
957520
18306
195034
691300
29285
606401
615446
72494
917164
144136
675050
199678
460384
1340
4654
712397
20771
601641
113596
612243
137508
3914
91444
22920
460323
16627
55261
3488
745818
736281
707796
902875
604081
929849
612235
42134
144655
463480
68318
4584
947243
8290
719733
11202
461617
4653
106662
901003
8694
3734
30756
5787
3033
2546
3355
637054
460324
9792
624124
710374
46466
133316
153577
95006
13762
15069
139729
702959
1312
460391
746765
138556
74659
39987
716440
30948
612374
698180
8175
715519
44238
930863
19298
8172
5852
15051
14953
4908
2148
30938
21587
726817
4990
465963
642477
685636
127399
29434
19176
612416
20228
943344
19958
4726
37736
134747
390035
52533
747699
12584
5369
7077
57860
7397
25918
1620
5523
6416
3752
4108
3565
83330
93371
612296
13200
837353
4595
4993
710320
4191
8725
20677
741835
465433
731154
119322
73144
2341
133916
6854
17289
2195
2128
6409
2523
603087
4007
111511
971756
5906
199222
7085
16683
935119
460946
31829
40743
193057
4839
14970
25146
906369
1553
679326
628668
105182
13830
12488
942925
707762
731804
909798
716515
2584
464722
724667
732109
152426
156473
195097
116615
19134
19197
22918
615984
104127
700789
69670
614803
4332
15120
17440
72519
697074
32635
40174
71520
21532
116633
6013
7234
5285
12471
6360
5510
82144
1795
42387
117880
681434
31791
3238
14894
906024
5237
141980
198069
15318
3179
38778
4760
657259
672125
748739
720397
179164
870000
746632
460366
629589
194940
749557
729943
989253
422339
41780
140821
34659
630767
6857
9788
77480
719727
10646
41831
4950
10870
460928
5116
462326
80273
35647
54431
612502
5372
7352
4978
745847
7833
973863
3477
717881
17302
20056
4207
20084
6591
735016
48503
81187
460907
6262
2873
691286
193001
674527
697465
463465
718184
195196
901737
13696
676435
618900
698859
13649
6442
687777
742837
465835
628357
93540
3615
89312
985331
682500
465752
730244
30042
964940
31557
42196
694853
17319
5397
460888
2716
38970
110779
8358
937886
659250
4847
461407
924563
129437
12958
8749
461422
460705
1868
5613
832612
645518
25932
77396
13317
445955
728086
7355
177117
903503
912055
41103
48569
902964
107155
470244
2726
727325
727802
717847
460314
121886
9645
618527
925635
45638
908629
59867
4169
59619
465694
460932
831861
745379
4203
727628
95019
58956
682488
612395
741664
460309
16591
3244
652219
607739
159315
2308
106739
722820
30879
193040
13422
624919
463534
32196
22832
38811
727274
191670
4841
2931
748546
320008
199998
744531
75826
12485
674528
461341
15198
720526
720086
669849
615234
6999
731168
641435
719683
705571
12565
6575
7015
13381
181097
17328
3970
5265
715262
726321
698869
743400
470316
726262
10209
43204
701889
136407
956898
6977
4424
702134
614459
10206
612183
15370
390012
195121
3348
612268
612319
711876
163239
32214
3154
748495
1020
729920
38926
10867
3661
164645
831314
4384
148481
4836
736024
703704
11503
4778
65894
106207
33456
15036
831593
933007
105738
729032
13288
3207
21535
7785
16640
2925
60531
3848
97748
59406
93453
462943
6082
82634
18219
465924
141414
14871
16785
2836
3956
8534
948825
54411
717764
6175
910275
17624
2616
3520
627693
616913
199174
715640
710691
5280
912146
927871
139192
748857
710858
44307
96509
460902
962650
703596
19919
982819
13413
83137
695756
465625
461610
2975
692506
34646
745839
20240
1987
2554
1941
465714
460962
1775
615053
680218
40569
953486
20296
718217
742321
195482
10259
3233
712027
390038
6383
1338
15290
352166
738031
96488
903930
140859
460922
614727
20123
108899
726575
749495
10683
28971
90700
24332
979649
932355
638359
4143
625441
629799
462242
7177
6047
180523
20496
106134
745456
15218
460635
614165
2107
41761
7791
133311
37180
5944
93062
77903
638333
2318
747707
4152
652527
4627
615952
106270
118783
25156
106716
14530
730424
20002
42582
921150
15288
81066
651927
197253
5653
2856
165384
5516
680209
749502
732448
92609
87319
36009
2186
691245
4754
464720
31592
12215
74338
195333
20310
741826
59557
181632
727862
618827
743399
664477
37181
163821
9002
3571
974266
698525
56465
464986
726348
4405
19247
710648
2282
12538
12557
929142
11990
42469
91257
970930
18184
15228
909305
44991
77780
3723
191516
195023
20642
5127
2782
41687
3434
8493
8738
5025
6896
461390
8138
3629
195124
686622
636192
465727
695083
695269
730732
69254
642155
5028
6164
2610
195201
56763
2994
40682
689269
634822
7867
8730
696840
199393
2757
19261
614458
156662
82272